1.4096959450405222e-10,-4.426618047727962e-08,5.674091844056987e-06,-0.0003746326247699602,0.012895300255527339,-0.19761856366917935,1.2364099108495719,-2.1933223430428765,-2.706396568926497e-07,5.061246467809378e-05,-0.004012992129003277,0.17431387510295562,-4.4515845822827655,66.08845038350634,-518.7405475970222,1687.2897845129598,6,17,37,0.4627527723418135,d
2.5335411784531906e-10,-6.444846458722246e-08,6.51187612600075e-06,-0.0003239621655156525,0.007566362424792633,-0.04844239883158672,0.21612641420906928,0.021099686349202784,1.5552877645912267e-06,-0.00022256123398253194,0.013406577325896124,-0.4405877741000586,8.538246890837291,-97.78753728687676,614.4192745762833,-1570.1563047746276,4,10,22,0.6541950113378685,d
1.0550103045562654e-12,-6.933150726563594e-10,1.8436592632256576e-07,-2.5216850636927755e-05,0.0018130773258023503,-0.058107599132883964,0.9408152685377149,-2.7316770591415866,3.044696139150108e-07,-4.690701604587448e-05,0.0031350675280235212,-0.11740411076307558,2.648778491873366,-35.92342625601336,271.2326692763408,-705.2002496253812,25,35,34,0.5748337028824834,d
4.734746896610869e-11,-1.4732206881191674e-08,1.8127248447590052e-06,-0.00011294675304232396,0.0035579405160017044,-0.03950117875679115,-0.2468561301325424,0.46775829017851905,5.599748345211496e-07,-0.00018010873860057868,0.024722553231717796,-1.8776706857963479,85.23633037332496,-2313.214712817492,34760.32233406486,-223102.15299520822,131,140,145,0.1311603650586701,d
1.643607897755165e-07,-8.791613824999399e-06,7.978123081520907e-05,0.0031871907712705005,-0.0812922731762971,0.7465370892851632,-2.3266466681007167,2.2882396815515063,-2.4571231999920024e-07,2.6753264232412148e-05,-0.0010654903455023289,0.016027785251404823,0.07481684024887722,-5.429357320998239,63.324835644401716,-221.8203678617707,27,119,196,0.8617886178861789,d
1.2883055668883911e-06,-0.00013419799279286698,0.00560895575712165,-0.12093198801333196,1.4385108132294862,-9.308953171534803,30.53708564356296,-38.32408940369727,5.092298806824838e-07,-7.50100955824422e-05,0.004644988608939131,-0.15659257641638785,3.103258508269121,-36.16246934113085,229.5804535864451,-580.0464451572864,47,91,156,0.9077441077441077,d
7.476404392336683e-09,-1.1229739486896534e-06,6.98913366718512e-05,-0.0023007457122778377,0.04037835295119013,-0.3224626721188887,1.4133440828330321,-1.8589529411068928,-1.005105830719592e-06,0.00013372519105871874,-0.007419611830985252,0.22223018649018614,-3.8736721017813966,39.22588614539085,-213.49624537727382,510.9959749450245,22,119,196,0.7407407407407407,d
1.679596303555356e-11,-4.445676930000385e-09,3.0384996321219275e-07,6.794568442007668e-06,-0.0012121565312575304,0.034919469910207245,-0.25372724074929975,1.0192269900553212,2.011992174893834e-07,-6.151318878146157e-05,0.007915035143025235,-0.556805584956587,23.162795089510116,-570.4068670533179,7705.844440195186,-43976.37925392753,8,42,67,0.6537704918032787,d
2.8581250451191038e-09,-4.800350999214862e-07,3.4438551689313913e-05,-0.0013683647302091741,0.03087004054629115,-0.33586815562052025,1.7799135916337654,-2.620079673044284,-9.05396484085078e-07,0.00016159644645596087,-0.01217750258726105,0.5015284698113479,-12.17066233289962,173.67631919350998,-1346.7667024443294,4414.980323205197,97,128,156,0.8312011371712864,d
-1.6179191053389104e-11,6.311987993822305e-09,-9.624503682492804e-07,7.171244514234092e-05,-0.0028138387920386572,0.07589077908279357,-1.1713277883205886,4.11115658615908,5.769521372601241e-05,-0.02237160518393186,3.709867860159401,-341.0512956866258,18771.432938628408,-618565.0792061508,11299383.13236538,-88266639.44665429,60,96,132,0.9178853665183033,d
-6.834152398640222e-11,2.029472632275501e-08,-2.159043449271495e-06,8.492650914411004e-05,0.0005465906042329147,-0.10704383116328656,2.2331756675641943,-5.895129841986995,7.020161230024053e-05,-0.005816963551254818,0.19409071805704983,-3.3232266194070132,30.7619897062753,-148.94607603434238,345.22825691713314,-285.19287925697915,14,33,50,0.7803030303030304,d
8.104304047230167e-10,-1.41690990955735e-07,9.092034429091014e-06,-0.0002834226862544339,0.005814660853482582,-0.08846838566566764,0.9832192957326745,-1.51127632147895,5.768897947914515e-07,-8.405124062984614e-05,0.005141640866667625,-0.17095476061659687,3.3323974176678695,-38.02898137814735,234.62286283488513,-543.0950894991054,34,36,48,0.8474758324382384,d
-4.141715060950383e-11,6.842042920675749e-10,1.7533217472711084e-06,-0.0002512977790720182,0.013957269035398304,-0.3283778736835496,3.1376451256271514,-7.180756241535566,6.231834202600669e-07,-8.91476346355977e-05,0.005402883095241448,-0.17975161153581637,3.547069055901747,-41.584334113319215,268.49040500369125,-648.4023597494665,10,56,72,0.8190873731145053,d
1.5417340271898304e-09,-2.4950995224737025e-07,1.469726412336234e-05,-0.00040004926222800356,0.0060308624990107595,-0.06046105468163947,0.5613999260053446,-1.0123229547408168,1.919404934589373e-06,-0.00020929116624765604,0.009553604991331852,-0.2363775282523762,3.4190394561976074,-28.852935323237496,130.87082351321868,-196.83086821699797,10,58,81,0.6195402298850575,d
1.2628616995635752e-09,5.31655849557368e-07,-8.74335646280465e-05,0.004533745640847851,-0.10309792307465762,1.106617101039664,-5.196102739195455,8.176411005281324,3.8143276633643764e-05,-0.007843801568257262,0.6850489161417092,-32.94205763226289,942.1050534495004,-16026.621617061524,150189.68330617357,-598211.9281986533,8,37,51,1.0591397849462367,d
2.9670995300778787e-10,-3.0168665174726015e-08,2.3656362556143794e-06,-0.0001644132664030778,0.0054600657536410455,-0.055924134432806576,0.26612977163625623,-0.4720820630381402,2.184168862096589e-05,-0.002522326169264296,0.1209045968523382,-3.1117240806079516,46.37445747596125,-399.8454141435542,1845.2231273536536,-3465.6527158209033,8,13,35,0.43311160384331115,d
8.267150758454216e-16,3.253319197677431e-12,-3.044153999513013e-09,8.700401417867326e-07,-8.39183300631602e-05,0.0011974232237016529,0.22546413843190619,-0.6836259711236481,5.751092707584965e-07,-5.797101449248074e-05,0.0024267310788945837,-0.05449275362297783,0.70611513687358,-5.25770223977337,22.73967890075584,-37.29960474301013,96,138,128,0.49786986319494064,d
-8.875912429572566e-07,7.152774661874863e-05,-0.0022575928667975466,0.03504151024769371,-0.27849769172916716,1.1550783495681223,-2.205226982378249,1.4358559798240935,-1.6140450585858763e-06,0.0002605766689987054,-0.017738112152301498,0.6594316255320235,-14.44681554451903,186.38816569213378,-1310.844682661453,3898.1600580445684,55,64,79,0.8596491228070174,d
2.949376704840838e-06,-0.00024790816666009254,0.00822274427802967,-0.1378786441801919,1.2530712406385756,-6.11813270194187,15.26343033235777,-14.141055017843282,9.641537775918818e-07,-0.00014356276456184045,0.009046592932878558,-0.31324638059402776,6.452896382915697,-79.31776683589561,540.0975845110931,-1547.463303451262,62,70,83,1.4261363636363635,d
-1.1408072000799982e-07,1.86002445728409e-05,-0.0009634193112808912,0.0228282191341128,-0.2737985148295742,1.7050591755567925,-4.5869354218395255,4.28201743217637,6.774894040892781e-07,-0.0001152365853517385,0.00831603376144919,-0.3302200211331662,7.79732111507987,-109.50446815234548,846.5813999372374,-2753.7057893131223,48,51,60,1.0055555555555555,d
2.4559799033889776e-10,-5.7821730290466616e-08,5.556290636123617e-06,-0.00028438116463578683,0.008075759595378458,-0.10379224926738176,0.6878888261515336,-0.7161339574530222,4.2198420162574116e-07,-8.671721927713814e-05,0.007614924991172496,-0.37048668120643946,10.787671434440853,-187.9961564372898,1814.669229155564,-7409.38805659032,108,106,109,0.578125,d
-3.6192966889313454e-06,0.0002485492883486151,-0.00661531813336719,0.0867759113139669,-0.586812242315749,1.943763972943902,-2.4013499466838577,0.525280763236279,5.966536119749502e-06,-0.0012375487954934092,0.10926634736809414,-5.322556255778987,154.46044410384786,-2670.028900209913,25453.731572715642,-103204.10634947079,116,157,149,1.4169811320754717,d
6.57280456041994e-05,-0.0033009402591440405,0.0673460612314939,-0.7176499254670318,4.270503228280111,-13.995832351049433,23.546700367040835,-15.773892773879778,-0.00238095238413296,0.173611111342978,-5.370833340517733,91.34027790040328,-921.8458345782781,5518.486118627626,-18134.780977365856,25239.000035265813,14,14,14,0.6363636363636364,d
5.440009718614117e-06,-0.0005139377049238896,0.019682864806245332,-0.39400836145986634,4.440039659394183,-28.162171982461732,94.0448878534012,-127.17854377861012,3.513597149004722e-05,-0.008120650800413043,0.7983377427202462,-43.26385897381959,1395.4669034848757,-26783.84165109724,283195.25918626954,-1272318.9436979908,28,34,32,1.3818181818181818,d
6.896218965205857e-09,-4.0432203809282437e-07,-1.0496204039402152e-05,0.0012162836353657599,-0.031088986574671913,0.3531949616163105,-1.497619886498622,1.8545501008715444,3.850383275527968e-06,-0.0007201009058386212,0.05729411515222815,-2.5140753452574858,65.71694088270355,-1023.4869837624522,8795.178831881742,-32136.237744261485,10,31,48,0.702576112412178,d
-7.132334245696844e-05,0.004585726357683785,-0.11891134218799612,1.6019011672392278,-12.006691235492484,49.533129682055616,-102.56124831056722,81.1647470182151,-2.3262546825518617e-05,0.004566182080545858,-0.3800644846368016,17.384405600210496,-471.8604787420171,7599.730048058086,-67253.17302785181,252316.90773405254,5,33,54,2.2954545454545454,d
6.53636521460607e-07,-5.556950913369324e-05,0.0018068332534775242,-0.028357060873954554,0.23024964284750118,-1.0003631839183582,2.508508109290935,-2.4086326721103424,-2.1435729136406648e-05,0.0036714153245176145,-0.2655761954037625,10.510840325968768,-245.7021227366488,3391.654297143531,-25598.917568236913,81538.0402784,9,64,95,1.0,d
1.4967592255805236e-07,-1.6630239943637636e-05,0.0007180872193043931,-0.01542034910782185,0.17632686235586778,-1.0485963885839293,3.2224201002763593,-3.748653827938922,-6.329763030818446e-07,2.216164885024466e-05,0.0019257975470501404,-0.1446663786641136,3.9402820013655337,-53.719406354673765,367.145898447169,-970.7758972010082,2,52,85,0.8348416289592759,d
-1.7360109567234124e-07,3.0380191741741185e-05,-0.001681566982266651,0.04128200670077752,-0.49205403748341325,2.873548294234919,-6.824962036019132,5.5651562060489965,4.815427314752979e-06,-0.0007678168139317838,0.05164981827585647,-1.9004554596871726,41.32710206289055,-531.3914491293727,3742.6419605531637,-11121.870598967404,5,65,99,1.6720142602495542,d
1.805083010612281e-07,-1.9001936940044765e-05,0.0008196069663833142,-0.018518277344894658,0.23027733126782102,-1.468150027220527,4.235547312531313,-4.2544357194571205,9.419005594135802e-08,1.1302806712962962e-06,1.3563368055555553e-05,0.00016276041666666666,0.0019531249999999998,0.023437499999999997,0.28124999999999994,3.3749999999999996,70,70,70,0.650105708245243,d
6.570312024806293e-08,-9.203823662713177e-06,0.0005158724006125119,-0.014763105749279765,0.22586370584921872,-1.7367830541859959,6.117387416159555,-7.073926333543019,-2.6414074423826894e-06,0.00033756599547355223,-0.01743286821251142,0.46070728910372116,-6.390087606709985,39.5905290634856,-9.46716432803074,-648.1673071710088,62,62,62,0.5952380952380952,d
2.9050864164280514e-08,-2.3167311557848872e-06,5.648846460011543e-05,-9.205498367697062e-05,-0.015568935942339822,0.24837792225047825,-1.0739252514128017,1.3494977207866286,5.4973680295058845e-06,-0.0007258653525169369,0.040016787315911954,-1.193142483435003,20.776092029595798,-211.31679380146886,1162.7068052989198,-2640.0358239278357,72,126,172,0.5974658869395711,d
-6.752283111444073e-08,6.726366343102569e-06,-0.00025915544005290146,0.004649467981700975,-0.03409028294591011,0.013503956350125183,0.8478054153028093,-1.6948745407370516,-5.8683013214657654e-05,0.0026623312496802613,-0.022009168261272256,-0.5102524864075028,4.790331101373216,130.79927199728192,-2149.9889586442814,8926.30105600855,90,128,165,0.4571428571428571,d
-1.2789652637228977e-07,1.548575457760044e-05,-0.0007430419301033132,0.017828058784791996,-0.22331055883982773,1.4451692306062165,-4.483039648877854,4.7449465218067175,3.6500743206596998e-06,-0.0005559132631129834,0.03513659060850036,-1.190330132222335,23.232986843795832,-259.448477897567,1517.3902521299485,-3475.67852557607,47,67,91,0.6602564102564102,d
3.793280269971336e-11,-1.587699249344381e-08,2.609413497661552e-06,-0.00021456116271834224,0.009305342274466518,-0.19859380117422173,1.9397817244705138,-4.479326954538113,-2.1722393807486482e-07,6.063574759812648e-05,-0.007210970113749659,0.4735641413141065,-18.54381150761738,432.76251248186,-5569.713609744621,30592.23446240191,175,193,213,0.6129822412737294,d
1.560120094160976e-09,-2.409357048207618e-07,1.4320214402816293e-05,-0.0004268485557229475,0.007158867259461607,-0.06015848969582314,0.4864769807325856,-0.5751520969581465,2.320557004887505e-05,-0.002146239960501524,0.08043286195687542,-1.5618807488565345,16.66738269806332,-95.78702968018578,274.71591139984946,-302.7114551046954,25,109,143,0.6042590949423249,d
4.441240768693504e-10,-1.1484373617580119e-07,1.175871843876197e-05,-0.0006021415492359286,0.015816632276466343,-0.18744734422307777,0.9900045019697801,-1.4100155947923614,-4.766462902054349e-06,0.0008986616510357626,-0.07206714051685209,3.1843096179641166,-83.63053029251678,1303.329941676514,-11134.690371262881,40193.248988804124,5,148,214,0.3817486860965122,d
6.7905382993397666e-12,-3.125110565694062e-09,5.267834929693554e-07,-4.3242904693609114e-05,0.0017454114494362034,-0.02044528656548817,0.2060244598443603,-0.4875353194283411,9.329946022563021e-07,-0.0002470847468978222,0.02790757181287049,-1.742797899726921,64.99805802732412,-1447.9703212184525,17843.811566107004,-93765.94089623562,0,75,132,0.7186932849364791,d
-1.4358320203118154e-10,6.213846135216966e-09,2.146208992078999e-06,-0.00022701559430076385,0.007589425174413356,-0.05998008597042561,0.2429317413756773,-0.15889367437292132,-7.255635535359699e-07,0.00013044226078489938,-0.00994757531599877,0.4164765333213925,-10.314599197457584,150.61411554982487,-1195.641036455187,4021.602262458591,62,58,57,0.9376623376623376,d
2.029879903976015e-10,-5.457984203010852e-08,6.024314059500743e-06,-0.00034932607916942596,0.011021472602605427,-0.16553909353401708,0.6369339935784406,-0.9053050996249841,-1.3994919095349054e-06,0.00023641584778285034,-0.016823746278066484,0.6524533359638807,-14.85527508415551,197.94441347142038,-1424.7107505975748,4325.935010918191,78,94,110,0.1280241935483871,d
1.2149115313436492e-10,-3.773441971444822e-08,4.6403670134961e-06,-0.00028579582974340597,0.008967120058399945,-0.1158876279881788,0.5296227132997932,0.10152451115946962,1.170694568204309e-06,-0.00016644232063746855,0.009989734922838438,-0.32777654387943034,6.347927310737189,-72.62745890027428,454.9173315288969,-1106.895978432696,85,76,71,0.623313492063492,d
-7.001634789321101e-11,2.0758575060748602e-08,-2.370442399818778e-06,0.00012966564067773892,-0.003585493705224967,0.059814966518867536,-0.6001413542998377,1.0677117889613463,4.3533812550735855e-07,-0.00021839338185379966,0.03171703969832442,-2.2022356390419056,84.32129575799857,-1829.9487210398997,21140.59124562565,-101052.40166712854,35,39,40,0.26856524873828413,d
4.065525953777774e-11,-2.0452840580852857e-08,4.178715863031054e-06,-0.000443727926022893,0.025828137455264372,-0.7818782582939684,10.47782447433145,-30.862190306588847,-9.276071826698631e-07,0.00025157761224058,-0.028428686219723935,1.7170375112521787,-58.74533195031504,1094.2979509656366,-9213.853431066413,14509.89884798055,101,105,106,0.521875,d
3.0331879456782095e-12,-1.21294900427197e-09,1.631545481180301e-07,-5.515273889903096e-06,-0.0006229943326987152,0.06377973062913664,-1.5677591379995282,5.437318274924509,4.002707108782979e-05,-0.0048158792121005154,0.24008259673061738,-6.395988917305901,97.78007300589904,-853.3821049300569,3937.5115357866994,-7431.561546262445,13,13,5,0.3978657001912816,d
-7.156287181931994e-10,1.6289347165888746e-07,-1.4362724603958411e-05,0.0006036913075094889,-0.012042901138939802,0.11191482955329168,-0.263569108287176,0.1061134527829999,1.0709852210695502e-06,-0.00020649930455110465,0.016928571964560095,-0.765089570230622,20.59685414712333,-330.46183779655576,2927.254566164573,-10981.66691674362,21,39,51,0.6546610169491527,d
-3.049465400201556e-05,0.001359280554330887,-0.02284928006299964,0.17798313657575002,-0.5834274364361932,0.07065758291073522,3.6960161507688873,-5.257439857372087,2.481160274989828e-06,-0.0002005578738028634,0.006147544906809282,-0.0866247513546272,0.49057823326288086,0.522788548640613,-15.319573373021552,58.43624860514561,33,65,90,2.2474012474012475,d
4.769179299499146e-06,-0.0006477843755404656,0.03707452151650958,-1.1577152754256643,21.27449426211731,-229.75125829162326,1350.0031655571054,-3332.6040493411974,-2.6705190085136077e-05,0.0034741590762903283,-0.18998839009301866,5.656743486499629,-98.95554560993257,1016.3569965942828,-5672.245099893436,13295.373364945232,1,57,90,1.1081081081081081,d
2.7619520985101992e-08,-3.5034291004486622e-06,0.00017383710502960406,-0.004384743868973476,0.0611684667916706,-0.4378487698686102,1.4963685867480576,-1.6495162981190934,-1.8606476423378436e-07,2.7983428332351402e-05,-0.0017777154611593301,0.06178070929541962,-1.264403608587374,15.14706808512556,-97.37739183086477,289.98016456965166,14,41,58,0.7838114754098361,d
-1.1313167227992357e-08,1.4571916511944941e-06,-7.042171106383917e-05,0.0015011461593623231,-0.011061742052739222,-0.028983302560656173,0.742547032237041,-1.50109244677394,1.4943938418970336e-05,-0.0020962955484048747,0.1237757948041504,-3.9855637876873478,75.55548070282822,-843.0594553749881,5126.109313333126,-13061.941911361411,79,103,129,0.5889046941678521,d
-1.0540111815449739e-09,2.585593338028796e-07,-2.4813579856185272e-05,0.0011645584856251026,-0.027413958936106698,0.31400259719383045,-1.5167174322822843,2.2010379272448186,1.0610142865402073e-05,-0.0015391620929895498,0.0938031825039303,-3.113914434239721,60.85274698294345,-700.7780420559559,4407.443122281253,-11624.19157820068,31,31,31,0.5347628330084471,d
-0.00020547692761176467,0.013867389060787926,-0.38897058823231984,5.869954155703716,-51.38680489358173,260.48835039854544,-706.3803100866022,788.6749379575954,-1.7214106595590747e-05,0.002663798776884987,-0.1736795055126517,6.181789141672439,-129.69033822433497,1603.6520962962063,-10823.051204459249,30781.91681667178,19,47,51,1.5376344086021507,d
4.112380006477128e-08,-4.967728208549737e-06,0.0002401966127544916,-0.005985065166205291,0.08107447722602606,-0.5339836752657884,1.8726136796902069,-2.115043225413463,-1.3540885461193197e-06,0.0002208499723217214,-0.015209281194690769,0.5728330229639477,-12.730537981234338,166.75831214220872,-1191.169334723485,3610.119084006672,7,22,27,1.0175438596491229,d
-7.568859871296624e-09,1.205495952851594e-06,-6.839399399032535e-05,0.0016659228069723208,-0.0158387511311344,0.04347478021600944,0.2895522561964341,-0.7034249695388805,-4.078290355034794e-06,0.0006238464874872147,-0.04024485125843592,1.4188689220856652,-29.515720206682563,362.1849144048015,-2427.527864591748,6889.817385857107,26,40,49,0.6809523809523809,d
1.057704584663687e-08,-1.4803063789901308e-06,8.388529070523999e-05,-0.0025107349417051498,0.0427346715447936,-0.37910101707043387,1.5514184550958352,-1.9212005546124078,6.053781771918482e-08,2.5538056969299582e-06,-0.0008858365391940727,0.05497163902105697,-1.5935675589458405,24.40515628131376,-190.88012339161057,639.735604264678,135,125,133,0.5287896592244419,d
4.246401336485328e-07,-4.211745287518587e-05,0.0016993751285096501,-0.03598799415105339,0.42734676537737654,-2.741996057499768,8.800989226680867,-9.446979991792706,-1.3621009045208822e-06,0.0002190439867927515,-0.014878337148207072,0.553229722895647,-12.160316553099864,157.99040395922395,-1123.3786503041836,3398.469032910794,18,45,66,0.9102564102564102,d
1.95225751372082e-10,-6.708286957422409e-08,8.786837310104635e-06,-0.0005348965000896939,0.015200398122943203,-0.16525583806009422,0.757364292132987,-0.8841446294216425,1.9748682590163193e-05,-0.003976152016832535,0.3392652243659007,-15.900569090778802,442.0707520776968,-7291.190504237497,66063.37806511606,-253662.87520019768,124,128,140,0.6343366778149386,d
3.533433509794036e-09,-8.360845722797894e-07,8.126869149295734e-05,-0.004163168899843221,0.11880858069813646,-1.805704724863253,13.080504796022659,-30.936529255962476,4.940954247262938e-07,-0.00011980825860132512,0.012398363737507854,-0.709748020258831,24.271614205836816,-495.80342783954325,5600.270429310491,-26906.01691117178,109,113,124,0.6683684794672585,d
1.709100404711761e-11,-7.586232583215972e-09,1.3767049132759161e-06,-0.00013159402926537543,0.007011920401162755,-0.19600773051420134,2.5977806339220546,-12.849984938089714,3.843261180991185e-06,-0.0007796211546674731,0.0670714804137629,-3.171926928160707,89.07181840218836,-1486.0788623167052,13653.724028355588,-53246.549480520036,132,143,145,0.3219178082191781,d
-1.609144624250827e-10,3.7251819712218866e-08,-3.356773536807619e-06,0.00014088349795938912,-0.0023686503755775646,0.0018978082495647384,0.036800818595492876,0.22528940524422797,2.4222249286168083e-05,-0.002042324125173366,0.06947868214149497,-1.2269698080084883,12.069633929583064,-65.72293906641384,184.35612987244346,-198.99563748918933,170,138,117,0.10694789081885858,d
9.73736493114213e-07,-7.748046339555788e-05,0.002352746188457534,-0.034649360341901636,0.2674521385740714,-1.0818025556262731,2.054910449839423,-1.3631870213486181,1.4989341790876441e-05,-0.0027465824635129186,0.2134514653327032,-9.110753189975725,230.4137507456305,-3449.2457521280785,28277.91194115142,-97876.45649080102,24,18,20,0.9863945578231293,d
-9.811677441823253e-09,1.6627260387320476e-06,-0.00011059372703623799,0.003603291954470644,-0.05843906618896958,0.4419040321490177,-1.1104739895522182,0.8036660343860783,-5.688774365581903e-07,5.3383138152290836e-05,-0.002034739982949928,0.04020791268453021,-0.43502344416034816,2.503685032449127,-7.068666353749453,54.62029271038753,4,11,21,0.6393939393939394,d
2.0310253738468854e-07,-1.8475669286134433e-05,0.0006612498274439276,-0.012151999583704403,0.1275468957758523,-0.7615571768244156,2.560093637372294,-2.8206255583194255,1.4179203340694957e-05,-0.00203536441338871,0.1224540464979692,-4.0012311752084235,76.6753936303727,-861.723583217882,5260.1391452871985,-13433.66470113645,49,101,140,0.8047619047619047,d
-6.711503681775992e-09,1.5096925771449496e-06,-0.00013925927746798002,0.006750376862543526,-0.18380029042022125,2.811187390397004,-22.27479440664091,70.54144439565515,1.182267975133791e-06,-0.00021322594646594223,0.016325643257365813,-0.6879860459821295,17.239328477440342,-256.9603141148629,2110.4066387375983,-7316.696395609922,7,20,29,0.6873449131513647,d
1.1014561321985598e-08,3.17181073674519e-06,-0.0003426462088486341,0.012204989797569347,-0.19424710417603258,1.4425651034062834,-4.587651508292447,4.834453283803771,3.134434551805189e-05,-0.005718812162456658,0.4422252434082223,-18.786164654707726,473.47297997971606,-7079.719588635998,58156.763960696706,-202453.5089907551,1,30,62,0.9152542372881356,d
-1.7168824873849732e-08,3.2568112421892604e-06,-0.0002208286863153576,0.0070734733194448675,-0.1144001983026811,0.9317214294380637,-3.290270658494591,4.015798506265293,-1.3548007560004304e-05,0.0020065160061437126,-0.1252375650167782,4.270388854629413,-85.92672662975245,1020.4371227645432,-6622.931527213012,18150.578678139886,9,142,173,0.6095238095238095,d
-1.197907275374312e-10,2.6037145251803586e-08,-1.8636648351431652e-06,2.9856572484281297e-05,0.0018315905110022487,-0.057765236883048514,0.809264185371962,-1.7373312957973097,-2.58265014622052e-06,0.00048641584779732727,-0.038793306261705005,1.6964799546565759,-43.88140638716273,670.4594605194881,-5595.8544104951925,19736.90132265177,199,213,164,0.8746367787463678,s
4.842641600218063e-10,-1.3665707192056718e-07,1.555582865657679e-05,-0.0009099843825440674,0.02810700335032821,-0.3959513433579274,2.9079169449076296,-5.41398402021926,3.810321484599786e-07,-5.663490924320942e-05,0.0035295214451745824,-0.11938610201782805,2.364542010125369,-27.418022847164426,172.71693871749366,-385.18698818392016,194,220,253,1.5634658565579185,s
8.771346754290602e-12,-3.878878477360993e-09,6.896621722045833e-07,-6.329910934040258e-05,0.0031116761721806806,-0.07027782898341235,0.8296079484030808,-2.05038063986552,5.83121628726104e-07,-0.00012059845544373695,0.010619878050586732,-0.5155160828939546,14.880988580937736,-255.20617944433704,2406.556099512317,-9505.550731508945,147,142,123,0.5053708439897698,s
-2.4786230151962288e-11,7.946678917231804e-09,-8.461652299716105e-07,2.4642547245521934e-05,0.0010601193571091968,-0.05181835897156143,0.8452308721491546,-2.0722867837209975,2.5933332917929926e-06,-0.0005257586637314438,0.04529400923289968,-2.1491775296655944,60.65666145694075,-1018.2798098407623,9416.09181463599,-36884.57581954904,158,160,208,0.8999202551834131,s
1.6881958642255883e-10,-4.285551425306772e-08,4.2796038035286875e-06,-0.00021714880248401052,0.005975962623021662,-0.07924709965231805,0.5954179036722379,-1.1914113482613735,-8.136994944867548e-07,0.00011894328032869182,-0.007237221000180362,0.23690808790204992,-4.490781147496317,49.050552962875784,-283.3994808708391,732.0843881000928,106,109,252,0.4205270457697642,s
9.580099313914758e-09,-1.4160543989680787e-06,8.263258995556513e-05,-0.0024778313451887155,0.04139249617895477,-0.348919939264972,1.4673847093786128,-2.035940117384226,-9.151893659173151e-07,0.00011349541088496869,-0.005828645748046656,0.15989475056352065,-2.513694075709065,22.41713354664921,-103.16628901575962,229.3368192025469,81,118,127,0.8859357696566998,s
-1.8049137326443145e-08,2.6035728516324493e-06,-0.00014658112369079026,0.004007728886444143,-0.05430134979369676,0.35996260459128815,-0.6282855496992891,0.13915512169584665,9.579219431378811e-07,-0.00014895579384530133,0.009737176130660125,-0.3466860850326576,7.25835357377579,-89.33863932246014,598.5020728426691,-1642.4908678794097,77,104,131,0.900363049616781,s
-3.8816766705971266e-12,1.8406121619820416e-09,-3.3140965501114854e-07,2.7452424839786645e-05,-0.0010044706948700946,0.01676061765780381,0.11600511078462485,-0.06661065822370629,9.525803294193145e-08,-3.3811438224092856e-05,0.005148566717958649,-0.4356945458584146,22.115623076012582,-672.9550564774604,11360.711190576412,-81910.98000151254,182,191,190,0.5863597810162696,s
6.551612335850583e-11,9.64565416933077e-09,-3.699166902440176e-06,0.0003104196321302195,-0.010404190424385165,0.15689284561986191,-0.7297534581640203,1.5737618142700216,1.0941320340561178e-06,-0.00020998289991533105,0.01712455442933019,-0.7690382163415083,20.532948430423087,-325.82849293903683,2844.917457620469,-10469.49423363099,48,48,48,0.9252136752136751,s
-3.3921735558843134e-12,1.7125189683408452e-09,-3.214148693892945e-07,2.627201928016787e-05,-0.0007639617809995201,-7.127091785754098e-05,0.6911288741662441,-2.2137118295249705,1.5908982469286942e-06,-0.0003286145886785484,0.028848145174019624,-1.3950487960556586,40.133940092779,-686.9484393585908,6478.634788344629,-25819.153116181526,77,87,99,0.8250000000000001,s
-1.5588950467428904e-10,6.395546325679371e-08,-1.0754806264247358e-05,0.0009572542269698438,-0.048745331878328815,1.4324118452289492,-21.67500515802692,129.1320229792249,-2.045911168900266e-05,0.003973633109374285,-0.3270059588684675,14.772971643301188,-395.5088507564709,6273.08471508655,-54568.989041388566,200933.31125217763,53,53,55,1.038948393378773,s
7.428786054809256e-07,-6.790468760949336e-05,0.002460710202730779,-0.04536860013738682,0.45595345453203795,-2.443651241458948,6.506806173637354,-6.323563757106107,-2.2906442008414243e-06,0.0002530224396026615,-0.011597842290444702,0.28594361189131895,-4.090148099862,33.834317569827746,-148.8474625335875,291.8445910496205,76,108,121,0.7608695652173914,s
6.450625959242173e-13,-4.540413846428008e-10,1.2766557712585856e-07,-1.817593185237148e-05,0.001327981302203009,-0.03987517748077666,0.6652623236991566,-1.7242139453689018,-4.451310350812659e-09,1.6252623912585928e-06,-0.00014550834515586402,0.00572043749364108,-0.1094848219075478,0.8599805449199979,1.0961943005480999,161.08217556940474,141,147,147,0.6441750365028096,s
2.363857674204182e-10,-8.430014264065496e-08,1.180135771824893e-05,-0.000823830781557027,0.029683195264715734,-0.49845478073806543,3.3157056911553004,-6.11885809135379,1.2801967982559124e-06,-0.0002737370565846604,0.024882093706262317,-1.2462939660562635,37.151439854134885,-659.1890681935079,6447.4755614394735,-26743.915228917536,28,51,57,0.8908614321458357,s
-1.5569801177920158e-11,1.638169443639661e-08,-2.814597135839691e-06,0.00018808609489947642,-0.0057019210308004945,0.0908129367773654,-0.4053957305822748,0.7394263447032029,-3.6036026421186086e-05,0.006762681784409493,-0.5386162537649963,23.60323080108453,-614.7243816566879,9516.230035297413,-81084.88533763259,293440.77205382957,63,108,111,0.671825104396954,s
6.277781813172956e-10,-1.3432109749835563e-07,1.1562104249187376e-05,-0.0005146810490237535,0.01235731993135242,-0.13796791228407876,0.8748374704653378,-1.5183629489920525,1.1223533406810172e-05,-0.0023231081411880074,0.20351964037637355,-9.776649934310022,277.9480152178889,-4673.30567619564,42996.557866684045,-166808.20316495554,64,74,76,0.5938251804330392,s
2.1529565292991783e-11,-7.086262867330285e-09,8.324440536440681e-07,-4.341033935194512e-05,0.0011798103046620672,-0.015285952382281358,0.3142491275913971,-0.8987323248559143,1.0683144350182401e-07,-1.3939366747849707e-05,0.0008173225049896477,-0.02757736199215693,0.5663988723226294,-6.944855743090088,46.67970253141727,-20.635648505561438,9,57,71,1.0615829257447755,s
-1.15733762679217e-09,2.3976088128440417e-07,-1.8657654425723672e-05,0.0006740452487200146,-0.010605353054730992,0.022671963351358317,1.3652699889773063,-10.444013561170163,-1.0807781032413463e-06,0.00024162192208847987,-0.022957816712978397,1.2015378857191625,-37.40226992318159,692.3416032196299,-7054.089370920563,30580.719844111,0,0,2,0.9902475618904726,s
-3.513052527059878e-08,4.6540301120349695e-06,-0.00023527879961106557,0.0055400307844961786,-0.05824736620553625,0.22198756379941167,0.27082065590191257,-1.5490879684977825,1.1822679746377914e-06,-0.0001902329708996652,0.01290972066484782,-0.4784876335671891,10.452041412147983,-134.47910612905903,943.3535323957722,-2744.1004792681615,157,169,193,0.98419173890872,s
9.89195196511476e-10,-1.6359102166896385e-07,1.5616565331239163e-05,-0.0009101332089814926,0.027793374089931728,-0.36917303126011786,2.144330599542455,-3.4124700109993884,-3.2031627805375523e-06,0.0004465009497380805,-0.026118591805305805,0.8295706017103662,-15.418218269032176,167.28516965854044,-978.6734256336503,2419.538004434374,17,46,88,0.8376068376068375,s
-4.253354754206079e-10,1.9394722382307539e-07,-2.7048008171589977e-05,0.0016533385980501848,-0.047790135036006945,0.6524767401133791,-3.5521510229305338,6.051223272805753,3.828126727156211e-07,-8.424193480505237e-05,0.007812987644788012,-0.396252112765323,11.878845545008035,-210.63873104720838,2046.9949988450894,-8351.008326292093,60,82,103,1.204215456674473,s
-3.71490230082619e-12,1.4690274134367447e-09,-1.8865954879457842e-07,4.8886614014663504e-06,0.0006230958706859452,-0.027759117106866335,0.33499078430479434,-0.8829276457181563,1.1288522527405502e-06,-0.0002364245723535548,0.021025793560162924,-1.029383416013463,29.96851904593791,-518.9721276938687,4952.93165716925,-19972.95260486271,88,55,48,0.7401315789473685,s
1.465288801216377e-07,-1.9126377528343537e-05,0.0009894466032816275,-0.025819571726433108,0.35833791128349535,-2.5523001856356053,8.596009751846777,-9.861928413793342,3.8405903934613665e-06,-0.0005978260869834247,0.03935179327438207,-1.4198762171409327,30.331831805392216,-383.7178316309171,2662.7388776561406,-7783.781591393395,9,75,101,0.7279411764705882,s
2.5984732480905155e-11,-7.662993783209003e-09,8.546508062253008e-07,-4.679511962845168e-05,0.0014652480579325272,-0.02229148618892736,0.29915361375764976,-0.8137804688384241,-7.522714143064234e-07,0.0001447842039988653,-0.01178782972246958,0.526417087760552,-13.931143910638378,218.55459848969477,-1882.2258939291487,6962.605169111908,38,43,46,0.7116632070576024,s
1.675006829980541e-10,-4.315454871743568e-08,4.179752844611294e-06,-0.00019218102983216762,0.004608664594594014,-0.05609127283708434,0.5823194996467286,-1.0669699113451399,-7.424785322119167e-07,0.0001296757452003164,-0.009391824082557855,0.36273105770418473,-7.963314917885825,96.98724939346776,-574.435410638743,1142.5404043131537,26,20,20,0.8660881174899866,s
-1.3449753321458881e-10,3.9223415905773514e-08,-4.492652112347703e-06,0.000249783355385518,-0.006825686236199293,0.09410797258879745,-0.3997905875944634,0.6858615023748844,-7.362466977683201e-07,0.00017177801702208638,-0.017034281314203266,0.9304191341596791,-30.223392562987282,583.7328660637456,-6205.249529044619,28077.72903082635,16,37,42,0.6366471734892788,s
3.705071260973979e-11,-9.969638153565617e-09,1.0806187015016773e-06,-6.191399138876252e-05,0.001936656801576627,-0.02206309123088331,0.4576675775227465,-0.576225857944918,1.2347934844313554e-06,-0.0004275262778075687,0.06324110211583535,-5.18054955375276,253.79608042594415,-7435.299768411382,120605.88370267041,-835464.7908043071,48,49,51,0.7008474576271186,s
-3.564019922664143e-10,4.8000250059979495e-08,-1.7348668776819207e-06,-2.95680443895686e-05,0.002894313038135818,-0.04031062818472036,0.5040156985547835,-1.056694450640168,-8.260741367433063e-06,0.0010327919115707153,-0.054370058778271245,1.5579759874849806,-26.156919111843337,256.3245843855044,-1353.4826663856506,3013.1002547537905,43,43,43,0.599047619047619,s
2.339738989668562e-08,-2.6490362640678175e-06,0.000107858461031521,-0.0018770555950010307,0.012400748079200904,0.018614939469873536,-0.4081267265546725,0.803612879011927,1.5267993798343303e-06,-0.00023763728731069554,0.015601334609767967,-0.5592574769584663,11.806285982657428,-146.61860850936455,991.2514168736207,-2775.6658500395897,0,151,224,0.7095959595959597,s
-3.2813334578092963e-10,6.533704382406e-08,-5.106190121995851e-06,0.00018230059398295694,-0.0024470378215270343,0.0019671686361526766,0.41037404067482114,-1.0022253392023242,-7.746169913652211e-06,0.001450503033445321,-0.11534376415937546,5.050507987122656,-131.53859686681596,2037.864769797251,-17387.697412230053,63070.213884717414,118,131,124,0.5255066387141859,s
1.0493452451795662e-11,-4.516276915250462e-09,8.11970244822951e-07,-7.748156197766851e-05,0.003945844358781274,-0.0872440465341812,0.8084032165863179,-1.1993758798677046,-5.2676804377144906e-06,0.0014919073431495671,-0.180149473369514,12.019863287505702,-478.4792546167791,11361.066706186231,-148951.1357717995,831754.4080534133,47,142,232,0.5860692102928128,s
-8.21266721789553e-06,0.0006501547987598159,-0.02088089469191157,0.3478606017294653,-3.1935416601838202,15.90625228222362,-38.7711314913372,34.78363984345765,2.5652066159998667e-05,-0.00045750186498177216,-0.002916175482989803,0.03816549829613562,0.7220818314104,-0.2493226638669959,-122.23890015201006,655.1832052158096,90,85,79,0.8148148148148148,s
-1.742929495101061e-08,2.49212515682082e-06,-0.00013773716951035435,0.0036301136024249545,-0.04526981975110329,0.24491285421574815,-0.042414433801307445,-0.5614862889257257,1.783194844359194e-06,-0.0002917059272516327,0.020148488408255578,-0.7610224010224352,16.963220426487833,-223.0384411713014,1601.6841192493885,-4804.829850973164,4,47,102,0.8576923076923078,s
5.8356676002559765e-05,-0.0027941176470054094,0.0565849673192608,-0.6218514328708732,3.9185646052725316,-13.693536267470424,24.32251934309234,-16.904545454337338,-0.006671626968723711,0.5895833319793956,-22.177430504922285,460.2499989556538,-5690.847730224266,41920.28532275017,-170324.96777556173,294456.87434840057,1,83,157,0.5694444444444444,s
4.94095426116669e-06,-0.00030707363036620346,0.007847156787928545,-0.10750284315402568,0.8484028791611253,-3.693095060574452,7.942387556995036,-6.420814479610442,-0.0004960317463825663,0.04444444447412515,-1.6847222232869938,35.030982926977714,-431.55315195512765,3149.546951979112,-12606.967930261868,21364.43474249041,2,75,144,0.5333333333333333,s
-0.0005543884220303602,0.025016339869048033,-0.4654738562047809,4.607855706341506,-26.066908622174374,83.82167340748407,-140.68957395409177,94.26320346228945,0.011309523814722677,-0.921759259700149,31.9041666825152,-607.9061612816882,6886.737396831288,-46386.137140256156,172009.43114427003,-270894.46325052466,1,62,109,0.8042328042328042,s
1.8615379027214132e-06,-0.00011748877023430307,0.002903505032815771,-0.03666596246919521,0.26473773948763235,-1.1172413165540136,2.861364184442975,-2.9549530055203057,0.0003945636021695454,-0.019286118818560606,0.3147263407943136,-0.7001982211407316,-38.948962720310405,505.7336645786504,-2555.9134256394395,4824.561447680866,2,43,65,0.6793168880455408,s
-6.142808000467919e-06,0.0003375472996256409,-0.007402390780962805,0.08203259374028184,-0.48772607896732423,1.6169305582862648,-2.5475227301532244,1.4419580419909848,-9.333740887937031e-05,0.002729439663218746,-0.011196967630441805,-0.2901475744028563,1.1846596013006674,37.13749202180982,-362.26993413598416,964.397470525893,5,58,100,0.7166666666666667,s
1.2500560964363938e-09,-3.2784061316797167e-07,3.360087459308746e-05,-0.0017099175001539374,0.045753992163314106,-0.621126392664581,3.929945108753447,-7.18830248308426,-1.9472701360075102e-05,0.00322777852540565,-0.2257308595310403,8.625330236845913,-194.31677043378912,2579.3240097745,-18670.63301742462,56923.573049955165,13,40,61,0.9272134203168686,s
-1.0622291055975878e-10,4.226890242619937e-08,-6.478559039237245e-06,0.0004759453819016628,-0.01708753546261676,0.29124968955236225,-1.7409184834469495,3.541027260249159,7.513811730071554e-07,-0.00022748937485779085,0.02935091044307495,-2.0915685274296836,88.89268259692618,-2252.8802564898606,31521.769415587973,-187720.4471431776,118,130,128,1.1285666997682886,s
-2.9327421538671647e-09,6.616828962355115e-07,-5.886315462285072e-05,0.002592378552919685,-0.05864984729702439,0.6775888797351413,-3.5297021887944404,5.3017569101184225,-1.1404256592960083e-06,0.0002605031333819381,-0.025301192026259096,1.3537183485417827,-43.06636280873046,814.0780504057986,-8458.817212551854,37293.33438493307,23,112,196,0.9473684210526315,s
1.2990686827087e-10,-4.7579124530303167e-08,6.861631008559247e-06,-0.0004954309548854345,0.01870632520387165,-0.34210236449839865,2.3364640387815063,-5.623053489897584,-2.1378418796706155e-06,0.00031226802478988454,-0.019178252743370598,0.6402602044027126,-12.505546021392254,142.297975865882,-870.3902050305683,2324.4542017040826,50,49,45,0.5737612612612613,s
-3.8494229641873156e-11,1.5489930792132582e-08,-2.456980998138731e-06,0.00019356839751380134,-0.007916400293218986,0.16534965696169843,-1.0936016764658316,2.1182984660413964,2.1900445913624016e-07,-3.595892971850366e-05,0.0025495991683297777,-0.10097547523615091,2.405859376091418,-34.403032911937835,272.6858342428419,-824.5364651842265,108,126,136,0.606984314886061,s
4.768037240908876e-08,-5.849013577887875e-06,0.0002784564555386792,-0.006526597886250961,0.07977008091356007,-0.4933131564682144,1.668516827813478,-1.8975170753928006,2.467806344373139e-06,-0.0003442664632415097,0.0202644815352825,-0.6520872780518182,12.389445752528713,-139.06288165638253,854.6389821768903,-2183.4752487446794,29,117,167,0.5784313725490197,s
-2.2881024193899324e-09,5.0754381549005e-07,-4.440188100648755e-05,0.0019089049840354773,-0.04114559217839579,0.43710605257747204,-1.8116077750513953,2.403224658896621,-8.493099794477417e-07,0.00026198381828573233,-0.03445616292677397,2.5043150067105424,-108.62040715599242,2811.177012414068,-40193.49381661297,244955.41399239306,0,37,53,1.194475550578574,s
-4.178275990511414e-06,0.00038969765203393086,-0.014508165593845053,0.27418944896317365,-2.775521811247971,14.765050560063882,-37.069989217663895,33.8818206292333,-1.1867192856827032e-06,0.0002129679486021996,-0.016117129829506,0.6660826757851929,-16.21908029404507,232.47053347645178,-1813.9937724710096,5964.932570100181,30,39,38,1.6547619047619047,s
-1.4506243615317167e-09,2.9080625026793086e-07,-2.2256807643152936e-05,0.0007949770895776696,-0.013018798794385179,0.09388622831785573,0.0029726414169460444,-0.46738150359764474,-6.516718053701092e-07,0.00010402177653984778,-0.0069677016509805114,0.25320964393749973,-5.372593852543073,66.21640452991966,-435.6729630215242,1225.907130871366,99,129,155,0.5797979797979798,s
-3.8388181145976556e-10,1.113041554814627e-07,-1.2578900166912016e-05,0.0006902685468365517,-0.018756614614637023,0.24594036295322633,-0.9574760095995938,2.002107948606655,-3.796077293893203e-06,0.0009727668850522474,-0.10630487384900096,6.420566427209005,-231.4099930012722,4975.713970339317,-59078.778967956736,298797.543355202,36,62,87,0.995019713633534,s
-3.215953216487311e-09,5.745353436923777e-07,-3.8981364877557745e-05,0.0012133401489096889,-0.01562914689598367,0.03729296457067242,0.8373510394375174,-1.9567365425389347,3.5877559785037116e-07,-7.451404159987023e-05,0.0065552327493463985,-0.3165283138550108,9.05899492144967,-153.7203530326835,1433.5673533194936,-5623.409264914705,25,32,38,0.9205792014041245,s
-8.17917383113141e-11,2.406357546100374e-08,-2.6412515500727998e-06,0.00012689055878956854,-0.0022384687922053633,0.008705623672672445,0.20543755162310928,-0.687153058027458,-3.1248197289538067e-06,0.0005425397480880717,-0.038390822131148326,1.4041749549305247,-27.351086292283405,246.566609711191,-272.8231327841364,-6815.350804468961,130,151,156,0.7448031844316674,s
2.9973304009092847e-12,-1.641971929006938e-09,3.6427950392128833e-07,-4.277248168455317e-05,0.002803211750914797,-0.08690316156444193,1.4453788817729927,-4.299780351391736,1.0469481549106772e-06,-0.00031699346665873526,0.041013857437691315,-2.939434484324665,126.02974167107679,-3232.699819572797,45934.078863044,-278780.0156633723,194,219,223,0.9571674439262714,s
3.236256570007835e-09,-5.500991006034357e-07,3.514832647813531e-05,-0.001076076131613472,0.017747642323798475,-0.16172806092019318,0.7636984372602469,-0.837071274911203,-7.576129873398288e-07,0.00013916184333772797,-0.01076513713360065,0.4540716938568341,-11.263680286644082,164.06758733884507,-1296.114846109182,4331.213159085999,202,181,150,0.875,s
-1.5636985964828905e-09,5.48915540726459e-07,-7.513864008186152e-05,0.005117713672404472,-0.18243131687336775,3.26136929074515,-22.93910462980188,-0.17859176374804617,3.374093112672981e-07,-9.236076894117323e-05,0.01070962400983334,-0.6823467131927602,25.81314196181296,-580.077705382131,7173.469045501582,-37610.40971810035,24,24,24,2.2030812324929974,s
2.355203547176381e-07,-2.1928750107221756e-05,0.0007797154914111435,-0.013512703803947935,0.12330815655777146,-0.5802856540373352,1.408021928038935,-1.379987518201242,1.6937235107291028e-05,-0.0023913591886775207,0.14201075120512385,-4.599231454355848,87.7737358351652,-987.7990793575229,6076.096071817379,-15749.687743954184,168,159,188,0.8181818181818182,s
