00000000000000000000000000000000000000000000000000000000000000000000000000000000000000000000000000000000000000000000
00000000000000000000000000000000000000000000000000000000000000000000000000000000000000000000000000000000000000000000
00000000000000000000000000000000000000000000000000000000000000000000000000000000000000000000000000000000000000000000
00000000000000000000000000000000000000000000000000000000000000000000000000000000000000000000000000000000000000000000
00000000000000000000000000000000000000000000000000000000000000000000000000000000000000000000000000000000000000000000
00000000000000000000000000000000000000000000000000000000000000000000000000000000000000000000000000000000000000000000
00000000000000000000000000000000000000000000000000000000000000000000000000000000000000000000000000000000000000000000
00000000000000000000000000000000000000000000000000000000000000000000000000000000000000000000000000000000000000000000
00000000000000000000000000000000000000000000000000000000000000000025525525500000000000000000000000000000000000000000000000
000000000000000000000000000000000000000000000000000000000000000255255255000255255000000000000000000000000000000000000000000000
0000000000000000000000000000000000000000000000000000000000000025525500000025525500000000000000000000000000000000000000000000
00000000000000000000000000000000000000000000000000000000000002552550000000025500000000000000000000000000000000000000000000
00000000000000000000000000000000000000000000000000000000000025525500000000002550000000000000000000000000000000000000000000
00000000000000000000000000000000000000000000000000000000000255255000000000002550000000000000000000000000000000000000000000
00000000000000000000000000000000000000000000000000000000002552550000000000002550000000000000000000000000000000000000000000
00000000000000000000000000000000000000000000000000000000025525500000000000002550000000000000000000000000000000000000000000
00000000000000000000000000000000000000000000000000000000255255000000000000000255000000000000000000000000000000000000000000
00000000000000000000000000000000000000000000000000000002552550000000000000000255000000000000000000000000000000000000000000
000000000000000000000000000000000000000000000000000000025500000000000000000255000000000000000000000000000000000000000000
00000000000000000000000000000000000000000000000000000025525500000000000000000255000000000000000000000000000000000000000000
00000000000000000000000000000000000000000000000000000255255000000000000000000255000000000000000000000000000000000000000000
00000000000000000000000000000000000000000000000000002552550000000000000000000255000000000000000000000000000000000000000000
000000000000000000000000000000000000000000000000000025500000000000000000000255000000000000000000000000000000000000000000
00000000000000000000000000000000000000000000000000025525500000000000000000000255000000000000000000000000000000000000000000
000000000000000000000000000000000000000000000000000255000000000000000000000255000000000000000000000000000000000000000000
00000000000000000000000000000000000000000000000000255255000000000000000000000255000000000000000000000000000000000000000000
00000000000000000000000000000000000000000000000002552550000000000000000000000255000000000000000000000000000000000000000000
000000000000000000000000000000000000000000000000025500000000000000000000000255000000000000000000000000000000000000000000
00000000000000000000000000000000000000000000000025525500000000000000000000000025500000000000000000000000000000000000000000
000000000000000000000000000000000000000000000000255000000000000000000000000025500000000000000000000000000000000000000000
00000000000000000000000000000000000000000000000255255000000000000000000000000025500000000000000000000000000000000000000000
000000000000000000000000000000000000000000000002550000000000000000000000000025500000000000000000000000000000000000000000
00000000000000000000000000000000000000000000002552550000000000000000000000000025500000000000000000000000000000000000000000
000000000000000000000000000000000000000000000025500000000000000000000000000025500000000000000000000000000000000000000000
00000000000000000000000000000000000000000000025525500000000000000000000000000025500000000000000000000000000000000000000000
00000000000000000000000000000000000000000000255255000000000000000000000000000025500000000000000000000000000000000000000000
000000000000000000000000000000000000000000002550000000000000000000000000000025500000000000000000000000000000000000000000
00000000000000000000000000000000000000000002552550000000000000000000000000000025500000000000000000000000000000000000000000
000000000000000000000000000000000000000000025500000000000000000000000000000025500000000000000000000000000000000000000000
00000000000000000000000000000000000000000025525500000000000000000000000000000025500000000000000000000000000000000000000000
000000000000000000000000000000000000000000255000000000000000000000000000000025500000000000000000000000000000000000000000
00000000000000000000000000000000000000000255255000000000000000000000000000000025500000000000000000000000000000000000000000
000000000000000000000000000000000000000002550000000000000000000000000000000025500000000000000000000000000000000000000000
00000000000000000000000000000000000000002552550000000000000000000000000000000025500000000000000000000000000000000000000000
000000000000000000000000000000000000000025500000000000000000000000000000000025500000000000000000000000000000000000000000
00000000000000000000000000000000000000025525500000000000000000000000000000000025500000000000000000000000000000000000000000
000000000000000000000000000000000000000255000000000000000000000000000000000025500000000000000000000000000000000000000000
00000000000000000000000000000000000000255255000000000000000000000000000000000255000000000000000000000000000000000000000000
000000000000000000000000000000000000002550000000000000000000000000000000000255000000000000000000000000000000000000000000
00000000000000000000000000000000000002552550000000000000000000000000000000000255000000000000000000000000000000000000000000
000000000000000000000000000000000000025500000000000000000000000000000000000255000000000000000000000000000000000000000000
00000000000000000000000000000000000025525500000000000000000000000000000000000255000000000000000000000000000000000000000000
000000000000000000000000000000000000255000000000000000000000000000000000000255000000000000000000000000000000000000000000
00000000000000000000000000000000000255255000000000000000000000000000000000000255000000000000000000000000000000000000000000
00000000000000000000000000000000002552550000000000000000000000000000000000000255000000000000000000000000000000000000000000
000000000000000000000000000000000025500000000000000000000000000000000000000255000000000000000000000000000000000000000000
00000000000000000000000000000000025525500000000000000000000000000000000000000255000000000000000000000000000000000000000000
000000000000000000000000000000000255000000000000000000000000000000000000000255000000000000000000000000000000000000000000
00000000000000000000000000000000255255000000000000000000000000000000000000000255000000000000000000000000000000000000000000
000000000000000000000000000000002550000000000000000000000000000000000000000255000000000000000000000000000000000000000000
00000000000000000000000000000002552550000000000000000000000000000000000000000255000000000000000000000000000000000000000000
000000000000000000000000000000025500000000000000000000000000000000000000000255000000000000000000000000000000000000000000
00000000000000000000000000000025525500000000000000000000000000000000000000000255000000000000000000000000000000000000000000
00000000000000000000000000000255255000000000000000000000000000000000000000000255000000000000000000000000000000000000000000
000000000000000000000000000002550000000000000000000000000000000000000000002550000000000000000000000000000000000000000000
00000000000000000000000000002552550000000000000000000000000000000000000000002550000000000000000000000000000000000000000000
000000000000000000000000000025500000000000000000000000000000000000000000002550000000000000000000000000000000000000000000
000000000000000000000000000025500000000000000000000000000000000000000000002550000000000000000000000000000000000000000000
00000000000000000000000000025525500000000000000000000000000000000000000000000255000000000000000000000000000000000000000000
000000000000000000000000000255000000000000000000000000000000000000000000000255000000000000000000000000000000000000000000
00000000000000000000000000255255000000000000000000000000000000000000000000000255000000000000000000000000000000000000000000
000000000000000000000000002550000000000000000000000000000000000000000000000255000000000000000000000000000000000000000000
00000000000000000000000002552550000000000000000000000000000000000000000000000255000000000000000000000000000000000000000000
000000000000000000000000025500000000000000000000000000000000000000000000000255000000000000000000000000000000000000000000
00000000000000000000000025525500000000000000000000000000000000000000000000000255000000000000000000000000000000000000000000
000000000000000000000000255000000000000000000000000000000000000000000000000255000000000000000000000000000000000000000000
000000000000000000000000255000000000000000000000000000000000000000000000000255000000000000000000000000000000000000000000
00000000000000000000000255255000000000000000000000000000000000000000000000000255000000000000000000000000000000000000000000
000000000000000000000002550000000000000000000000000000000000000000000000000255000000000000000000000000000000000000000000
00000000000000000000002552550000000000000000000000000000000000000000000000000255000000000000000000000000000000000000000000
00000000000000000000025525500000000000000000000000000000000000000000000000000255000000000000000000000000000000000000000000
000000000000000000000255000000000000000000000000000000000000000000000000000255000000000000000000000000000000000000000000
00000000000000000000255255000000000000000000000000000000000000000000000000000255000000000000000000000000000000000000000000
00000000000000000002552550000000000000000000000000000000000000000000000000000025500000000000000000000000000000000000000000
00000000000000000025525500000000000000000000000000000000000000000000000000000025500000000000000000000000000000000000000000
00000000000000000255255000000000000000000000000000000000000000000000000000000025500000000000000000000000000000000000000000
00000000000000002552550000000000000000000000000000000000000000000000000000000025500000000000000000000000000000000000000000
0000000000000025525525500000000000000000000000000000000000000000000000000000000002550000000000000000000000000000000000000000
0000000000002552552550000000000000000000000000000000000000000000000000000000000002550000000000000000000000000000000000000000
000000000025525525500000000000000000000000000000000000000000000000000000000000000255255000000000000000000000000000000000000000
0000000255255255000000000000000000000000000000000000000000000000000000000000000000255000000000000000000000000000000000000000
0000255255255000000000000000000000000000000000000000000000000000000000000000000000025500000000000000000000000000000000000000
0255255255000000000000000000000000000000000000000000000000000000000000000000000000025500000000000000000000000000000000000000
000000000000000000000000000000000000000000000000000000000000000000000000000002552550000000000000000000000000000000000000
0000000000000000000000000000000000000000000000000000000000000000000000000000002550000000000000000000000000000000000000
0000000000000000000000000000000000000000000000000000000000000000000000000000002550000000000000000000000000000000000000
000000000000000000000000000000000000000000000000000000000000000000000000000000255255000000000000000000000000000000000000
0000000000000000000000000000000000000000000000000000000000000000000000000000000255000000000000000000000000000000000000
000000000000000000000000000000000000000000000000000000000000000000000000000000025525500000000000000000000000000000000000
0000000000000000000000000000000000000000000000000000000000000000000000000000000025500000000000000000000000000000000000
000000000000000000000000000000000000000000000000000000000000000000000000000000002552550000000000000000000000000000000000
0000000000000000000000000000000000000000000000000000000000000000000000000000000002550000000000000000000000000000000000
000000000000000000000000000000000000000000000000000000000000000000000000000000000255255000000000000000000000000000000000
000000000000000000000000000000000000000000000000000000000000000000000000000000000025525500000000000000000000000000000000
0000000000000000000000000000000000000000000000000000000000000000000000000000000000025500000000000000000000000000000000
00000000000000000000000000000000000000000000000000000000000000000000000000255255255255000002552550000000000000000000000000000000
000000000000000000000000000000000000000000000000000000000000000000000000002550025525500000255255000000000000000000000000000000
00000000000000000000000000000000000000000000000000000000000000000000000002552550000255255000025525500000000000000000000000000000
0000000000000000000000000000000000000000000000000000000000000000000000000025525525500000000025500000000000000000000000000000
0000000000000000000000000000000000000000000000000000000000000000000000000000255255000000002552550000000000000000000000000000
000000000000000000000000000000000000000000000000000000000000000000000000000002552552550000000255255000000000000000000000000000
000000000000000000000000000000000000000000000000000000000000000000000000000000002552552550000025525500000000000000000000000000
00000000000000000000000000000000000000000000000000000000000000000000000000000000002552550000025500000000000000000000000000
000000000000000000000000000000000000000000000000000000000000000000000000000000000000000002552550000000000000000000000000
000000000000000000000000000000000000000000000000000000000000000000000000000000000000000000255255000000000000000000000000
00000000000000000000000000000000000000000000000000000000000000000000000000000000000000000002552552550000000000000000000000
00000000000000000000000000000000000000000000000000000000000000000000000000000000000000000000025525525500000000000000000000
00000000000000000000000000000000000000000000000000000000000000000000000000000000000000000000000255255255000000000000000000
000000000000000000000000000000000000000000000000000000000000000000000000000000000000000000000000025525500000000000000000
00000000000000000000000000000000000000000000000000000000000000000000000000000000000000000000000000255255255000000000000000
00000000000000000000000000000000000000000000000000000000000000000000000000000000000000000000000000002552552550000000000000
00000000000000000000000000000000000000000000000000000000000000000000000000000000000000000000000000000025525525500000000000
00000000000000000000000000000000000000000000000000000000000000000000000000000000000000000000000000000000255255255000000000
000000000000000000000000000000000000000000000000000000000000000000000000000000000000000000000000000000000025525500000000
00000000000000000000000000000000000000000000000000000000000000000000000000000000000000000000000000000000000255255255000000
00000000000000000000000000000000000000000000000000000000000000000000000000000000000000000000000000000000000002552552550000
000000000000000000000000000000000000000000000000000000000000000000000000000000000000000000000000000000000000000255255000
00000000000000000000000000000000000000000000000000000000000000000000000000000000000000000000000000000000000000002552552550
0000000000000000000000000000000000000000000000000000000000000000000000000000000000000000000000000000000000000000002550
00000000000000000000000000000000000000000000000000000000000000000000000000000000000000000000000000000000000000000000
00000000000000000000000000000000000000000000000000000000000000000000000000000000000000000000000000000000000000000000
00000000000000000000000000000000000000000000000000000000000000000000000000000000000000000000000000000000000000000000
00000000000000000000000000000000000000000000000000000000000000000000000000000000000000000000000000000000000000000000
00000000000000000000000000000000000000000000000000000000000000000000000000000000000000000000000000000000000000000000
00000000000000000000000000000000000000000000000000000000000000000000000000000000000000000000000000000000000000000000
00000000000000000000000000000000000000000000000000000000000000000000000000000000000000000000000000000000000000000000
00000000000000000000000000000000000000000000000000000000000000000000000000000000000000000000000000000000000000000000
00000000000000000000000000000000000000000000000000000000000000000000000000000000000000000000000000000000000000000000
00000000000000000000000000000000000000000000000000000000000000000000000000000000000000000000000000000000000000000000
00000000000000000000000000000000000000000000000000000000000000000000000000000000000000000000000000000000000000000000
00000000000000000000000000000000000000000000000000000000000000000000000000000000000000000000000000000000000000000000
00000000000000000000000000000000000000000000000000000000000000000000000000000000000000000000000000000000000000000000
00000000000000000000000000000000000000000000000000000000000000000000000000000000000000000000000000000000000000000000
